6.999999999999999278e-03 2.033036722883569958e+00
7.505870554072261586e-03 2.137817808524538954e+00
8.048298967784148564e-03 2.150973017140955790e+00
8.629927176094460972e-03 2.165443653354439224e+00
9.253588039262201220e-03 2.181260483958014973e+00
9.922319140487637773e-03 2.198554943781955817e+00
1.063937758067053617e-02 2.217488506677100180e+00
1.140825584234451094e-02 2.238114238910678289e+00
1.223269880005378556e-02 2.260470921766388308e+00
1.311672196002268767e-02 2.284635895982912945e+00
1.406463101795532751e-02 2.310648700606770412e+00
1.508104283022319164e-02 2.338411349203724399e+00
1.617090790058212449e-02 2.367559147072193060e+00
1.733953449194197693e-02 2.397816652383124136e+00
1.859261448062680608e-02 2.428969713601412117e+00
1.993625107905061186e-02 2.459628809221142021e+00
2.137698856183390533e-02 2.488237585157973442e+00
2.292184414014409449e-02 2.514275247033241012e+00
2.457834213950591332e-02 2.536114026821866929e+00
2.635455064754727017e-02 2.550951332578464736e+00
2.825912081017587299e-02 2.557459514531032596e+00
3.030132896758139932e-02 2.555700141018767191e+00
3.249112183528945347e-02 2.545948875372237463e+00
3.483916495032477606e-02 2.530495361669028220e+00
3.735689461844416553e-02 2.514958476431043088e+00
4.005657361545152118e-02 2.506935114657105501e+00
4.295135091389220422e-02 2.515077521726527543e+00
4.605532572602977215e-02 2.546305075190170797e+00
4.938361617503051609e-02 2.602998915996590501e+00
5.295243292882403224e-02 2.680662997390140134e+00
5.677915815527809912e-02 2.765187652580938238e+00
6.088243018324483724e-02 2.833585463801384652e+00
6.528223428182539090e-02 2.859216985124816368e+00
6.999999999999999278e-02 2.825327705931646616e+00
7.505870554072260892e-02 2.746395956368695490e+00
8.048298967784148217e-02 2.676477073003949325e+00
8.629927176094460972e-02 2.680658974420564888e+00
9.253588039262204690e-02 2.780722487546748667e+00
9.922319140487638467e-02 2.923879662637451471e+00
1.063937758067053652e-01 3.006971029152265107e+00
1.140825584234450990e-01 2.958883041179062090e+00
1.223269880005378590e-01 2.849149822266704657e+00
1.311672196002268698e-01 2.844865972738643389e+00
1.406463101795532578e-01 2.976670902231196791e+00
1.508104283022319025e-01 3.078524786431149796e+00
1.617090790058212102e-01 3.033960764630140083e+00
1.733953449194197971e-01 2.989052344531849759e+00
1.859261448062680677e-01 3.072231298489562334e+00
1.993625107905061256e-01 3.138140761167879322e+00
2.137698856183390950e-01 3.117783552001591296e+00
2.292184414014409866e-01 3.150566795667280040e+00
2.457834213950591540e-01 3.202326907201876960e+00
2.635455064754727017e-01 3.215487109343368122e+00
2.825912081017588617e-01 3.249806192632704871e+00
3.030132896758141459e-01 3.281649009691562480e+00
3.249112183528945486e-01 3.307909657407355652e+00
3.483916495032478022e-01 3.338888294106381327e+00
3.735689461844416970e-01 3.365082300921964364e+00
4.005657361545151840e-01 3.392658877817560814e+00
4.295135091389220561e-01 3.417280225058152432e+00
4.605532572602977215e-01 3.441298007378621460e+00
4.938361617503051471e-01 3.463345709451350896e+00
5.295243292882403363e-01 3.483624254672272436e+00
5.677915815527810883e-01 3.502238598330364105e+00
6.088243018324484002e-01 3.519047144313591780e+00
6.528223428182539090e-01 3.534101089583351119e+00
6.999999999999999556e-01 3.547493067401793265e+00
7.505870554072261447e-01 3.559296238453121042e+00
8.048298967784148772e-01 3.569605665451627718e+00
8.629927176094460695e-01 3.578526954550874439e+00
9.253588039262199416e-01 3.586170088483281670e+00
9.922319140487633193e-01 3.592645197571719962e+00
1.063937758067053263e+00 3.598057350260786436e+00
1.140825584234451462e+00 3.602502849489398251e+00
1.223269880005379173e+00 3.606067630813399649e+00
1.311672196002269475e+00 3.608826439678326281e+00
1.406463101795533355e+00 3.610842000774954208e+00
1.508104283022318803e+00 3.612164360228250271e+00
1.617090790058212102e+00 3.612830543447596909e+00
1.733953449194197916e+00 3.612863264601425151e+00
1.859261448062680788e+00 3.612333126960555418e+00
1.993625107905061089e+00 3.611043845418210552e+00
2.137698856183390728e+00 3.609160396249154079e+00
2.292184414014409644e+00 3.606579170688555713e+00
2.457834213950591540e+00 3.603240843413419103e+00
2.635455064754727239e+00 3.599065754185871491e+00
2.825912081017587507e+00 3.593951761853136695e+00
3.030132896758139793e+00 3.587774735879872168e+00
3.249112183528947373e+00 3.580387029402936516e+00
3.483916495032479244e+00 3.571624454460794684e+00
3.735689461844418968e+00 3.561316410154273804e+00
4.005657361545154060e+00 3.549310489299568605e+00
4.295135091389222559e+00 3.535517216999883416e+00
4.605532572602977659e+00 3.519983131857780112e+00
4.938361617503050915e+00 3.503000917223237920e+00
5.295243292882402919e+00 3.485237832871185493e+00
5.677915815527810217e+00 3.467827457180850281e+00
6.088243018324484446e+00 3.452311013960954966e+00
6.528223428182538868e+00 3.440288381992032907e+00
7.000000000000000000e+00 3.432825428770794662e+00
