0.04 11032
0.12 29246
0.2 50636
0.28 62420
0.36 82281
0.44 86123
0.52 107408
0.6000000000000001 118305
0.6799999999999999 118889
0.76 94714
0.8400000000000001 92399
0.9199999999999999 100798
1.0 79179
1.08 62074
1.1600000000000001 64082
1.24 51707
1.32 35464
1.4 41492
1.48 36161
1.56 24166
1.6400000000000001 25665
1.72 17983
1.8 18131
1.88 10821
1.96 13502
2.04 7774
2.12 7320
2.2 8714
2.2800000000000002 8558
2.36 8472
2.44 6597
2.52 8589
2.6 7267
2.68 7784
2.7600000000000002 9745
2.84 8521
2.92 7279
3.0 6235
3.08 4597
3.16 5468
3.24 2957
3.3200000000000003 3755
3.4 3632
3.48 3416
3.56 1845
3.64 964
3.72 957
3.8 802
3.88 954
3.96 851
